#N: 50000
#D0: 0.600000000000
#Df: 0.800000000000
#g0: 0.000114044380
#gf: 0.000124207111
#Elapsed time: 10.7186 seconds
0,0.653467
0.01,0.653631
0.0325466,0.655185
0.0609019,0.659299
0.0928952,0.666288
0.128923,0.676046
0.162517,0.685766
0.191958,0.693994
0.221399,0.701501
0.25084,0.708119
0.282156,0.714265
0.31694,0.720357
0.343339,0.72477
0.369738,0.729225
0.398181,0.734224
0.428913,0.739914
0.462086,0.746305
0.493833,0.752466
0.519813,0.757384
0.545792,0.76209
0.572831,0.766709
0.60114,0.771248
0.630764,0.775745
0.657829,0.779727
0.684893,0.783681
0.711958,0.787674
0.740348,0.791927
0.76989,0.796397
0.800523,0.800995
0.826891,0.804839
0.85326,0.808511
0.879628,0.811969
0.90692,0.815313
0.934212,0.818443
0.962997,0.821565
0.991782,0.82457
1.02057,0.827515
1.04935,0.830425
1.07814,0.83329
1.10692,0.836066
1.13571,0.838694
1.16449,0.841114
1.19327,0.843287
1.22206,0.845204
1.25084,0.846885
1.27963,0.848374
1.30841,0.849719
1.3372,0.850963
1.36598,0.852122
1.39477,0.853188
1.42355,0.854131
1.45234,0.854908
1.48112,0.85548
1.50991,0.85582
1.53869,0.855929
1.56748,0.855828
1.59626,0.855553
1.62505,0.855147
1.65383,0.854642
1.68262,0.854054
1.7114,0.853378
1.74019,0.852592
1.76897,0.851665
1.79775,0.850571
1.82654,0.849295
1.85532,0.847842
1.88411,0.846235
1.91289,0.844507
1.94168,0.842695
1.97046,0.840828
1.99925,0.838919
2.02803,0.836965
2.05682,0.83495
2.0856,0.832852
2.11439,0.83065
2.14317,0.828338
2.17196,0.825924
2.20074,0.823429
2.22953,0.820885
2.25831,0.818322
2.2871,0.815766
2.31588,0.813228
2.34466,0.810703
2.37345,0.808179
2.40223,0.805637
2.43102,0.803062
2.4598,0.80045
2.48859,0.79781
2.51737,0.795161
2.54616,0.79253
2.57494,0.789944
2.60373,0.787422
2.63251,0.784971
2.6613,0.782588
2.69008,0.780259
2.71887,0.777967
2.74765,0.775699
2.77644,0.773452
2.80522,0.771234
2.83401,0.769062
2.86279,0.766958
2.89157,0.764944
2.92036,0.763034
2.94914,0.761233
2.97793,0.759533
3.00671,0.757921
3.0355,0.756381
3.06428,0.754901
3.09307,0.753477
3.12185,0.752116
3.15064,0.750833
3.17942,0.749644
3.20821,0.748568
3.23699,0.747615
3.26578,0.746784
3.29456,0.746069
3.32335,0.745453
3.35213,0.744922
3.38092,0.744465
3.4097,0.744076
3.43848,0.743761
3.46727,0.743532
3.49605,0.743403
3.52484,0.743388
3.55362,0.743493
3.58241,0.743716
3.61119,0.744047
3.63998,0.74447
3.66876,0.744971
3.69755,0.745538
3.72633,0.746166
3.75512,0.74686
3.7839,0.747628
3.81269,0.748484
3.84147,0.749435
3.87026,0.750486
3.89904,0.751633
3.92783,0.752864
3.95661,0.754164
3.98539,0.755517
4.01418,0.756913
4.04296,0.758346
4.07175,0.759819
4.10053,0.761341
4.12932,0.76292
4.1581,0.764564
4.18689,0.766273
4.21567,0.768042
4.24446,0.769858
4.27324,0.771706
4.30203,0.77357
4.33081,0.775441
4.3596,0.777314
4.38838,0.77919
4.41717,0.781077
4.44595,0.782982
4.47474,0.784909
4.50352,0.786859
4.53231,0.788825
4.56109,0.790793
4.58987,0.792749
4.61866,0.794679
4.64744,0.796573
4.67623,0.798427
4.70501,0.800245
4.7338,0.802031
4.76258,0.803793
4.79137,0.805534
4.82015,0.807254
4.84894,0.808945
4.87772,0.810596
4.90651,0.812193
4.93529,0.813724
4.96408,0.815181
4.99286,0.816561
5.02165,0.817869
5.05043,0.819111
5.07922,0.820294
5.108,0.821422
5.13678,0.822494
5.16557,0.823506
5.19435,0.824445
5.22314,0.825302
5.25192,0.826067
5.28071,0.826734
5.30949,0.827304
5.33828,0.827782
5.36706,0.828177
5.39585,0.828496
5.42463,0.828745
5.45342,0.828924
5.4822,0.82903
5.51099,0.829054
5.53977,0.828988
5.56856,0.828826
5.59734,0.828566
5.62613,0.82821
5.65491,0.827766
5.68369,0.827244
5.71248,0.826653
5.74126,0.826001
5.77005,0.825288
5.79883,0.824513
5.82762,0.82367
5.8564,0.822754
5.88519,0.821759
5.91397,0.820688
5.94276,0.819545
5.97154,0.818339
6.00033,0.817082
6.02911,0.815783
6.0579,0.81445
6.08668,0.813085
6.11547,0.811688
6.14425,0.810254
6.17304,0.808779
6.20182,0.807261
6.2306,0.805702
6.25939,0.804108
6.28817,0.80249
6.31696,0.800857
6.34574,0.799221
6.37453,0.797588
6.40331,0.795961
6.4321,0.794339
6.46088,0.792718
6.48967,0.791093
6.51845,0.789465
6.54724,0.787835
6.57602,0.786209
6.60481,0.784598
6.63359,0.78301
6.66238,0.781457
6.69116,0.779942
6.71995,0.778468
6.74873,0.777032
6.77751,0.775631
6.8063,0.774261
6.83508,0.772919
6.86387,0.771608
6.89265,0.770334
6.92144,0.769105
6.95022,0.767929
6.97901,0.766815
7.00779,0.765765
7.03658,0.764781
7.06536,0.763859
7.09415,0.762993
7.12293,0.76218
7.15172,0.761416
7.1805,0.760703
7.20929,0.760046
7.23807,0.759452
7.26686,0.758927
7.29564,0.758477
7.32442,0.758105
7.35321,0.757809
7.38199,0.757583
7.41078,0.757422
7.43956,0.75732
7.46835,0.757275
7.49713,0.757286
7.52592,0.757357
7.5547,0.757494
7.58349,0.757701
7.61227,0.757983
7.64106,0.758339
7.66984,0.758767
7.69863,0.75926
7.72741,0.759812
7.7562,0.760416
7.78498,0.761068
7.81377,0.761767
7.84255,0.762517
7.87134,0.763321
7.90012,0.764182
7.9289,0.765104
7.95769,0.766084
7.98647,0.767118
8.01526,0.768199
8.04404,0.769318
8.07283,0.77047
8.10161,0.77165
8.1304,0.772856
8.15918,0.77409
8.18797,0.775355
8.21675,0.776654
8.24554,0.777987
8.27432,0.779352
8.30311,0.780743
8.33189,0.782152
8.36068,0.783572
8.38946,0.784994
8.41825,0.786415
8.44703,0.787833
8.47581,0.78925
8.5046,0.790667
8.53338,0.792086
8.56217,0.793508
8.59095,0.79493
8.61974,0.796344
8.64852,0.797745
8.67731,0.799122
8.70609,0.800471
8.73488,0.801786
8.76366,0.803068
8.79245,0.804317
8.82123,0.805535
8.85002,0.806725
8.8788,0.807887
8.90759,0.809018
8.93637,0.810111
8.96516,0.811161
8.99394,0.81216
9.02272,0.813102
9.05151,0.813985
9.08029,0.814809
9.10908,0.815576
9.13786,0.81629
9.16665,0.816954
9.19543,0.817568
9.22422,0.818129
9.253,0.818635
9.28179,0.819078
9.31057,0.819453
9.33936,0.819758
9.36814,0.81999
9.39693,0.820153
9.42571,0.820249
9.4545,0.820284
9.48328,0.820261
9.51207,0.820183
9.54085,0.820047
9.56963,0.819853
9.59842,0.819595
9.6272,0.81927
9.65599,0.818876
9.68477,0.818415
9.71356,0.81789
9.74234,0.817307
9.77113,0.816671
9.79991,0.815988
9.8287,0.815261
9.85748,0.814489
9.88627,0.813672
9.91505,0.812807
9.94384,0.811892
9.97262,0.810926
10.0014,0.809914
10.0302,0.808858
10.059,0.807767
10.0878,0.806647
10.1165,0.805503
10.1453,0.804339
10.1741,0.803156
10.2029,0.801953
10.2317,0.800728
10.2605,0.799481
10.2893,0.798211
10.318,0.796924
10.3468,0.795623
10.3756,0.794317
10.4044,0.793011
10.4332,0.791711
10.462,0.79042
10.4907,0.78914
10.5195,0.78787
10.5483,0.786607
10.5771,0.78535
10.6059,0.784102
10.6347,0.782865
10.6635,0.781645
10.6922,0.780447
10.721,0.779278
10.7498,0.778144
10.7786,0.777045
10.8074,0.775982
10.8362,0.774955
10.8649,0.773959
10.8937,0.772995
10.9225,0.772063
10.9513,0.771165
10.9801,0.770307
11.0089,0.769492
11.0377,0.768728
11.0664,0.768017
11.0952,0.76736
11.124,0.766756
11.1528,0.766202
11.1816,0.765697
11.2104,0.765237
11.2391,0.764822
11.2679,0.764455
11.2967,0.764139
11.3255,0.763878
11.3543,0.763676
11.3831,0.763535
11.4119,0.763455
11.4406,0.763434
11.4694,0.763467
11.4982,0.763551
11.527,0.763684
11.5558,0.763863
11.5846,0.76409
11.6134,0.764369
11.6421,0.7647
11.6709,0.765088
11.6997,0.765533
11.7285,0.766033
11.7573,0.766584
11.7861,0.767183
11.8148,0.767824
11.8436,0.768503
11.8724,0.76922
11.9012,0.769973
11.93,0.770765
11.9588,0.771598
11.9876,0.772473
12.0163,0.773389
12.0451,0.774344
12.0739,0.775333
12.1027,0.776351
12.1315,0.777392
12.1603,0.778453
12.189,0.77953
12.2178,0.780624
12.2466,0.781736
12.2754,0.782866
12.3042,0.784016
12.333,0.785183
12.3618,0.786364
12.3905,0.787555
12.4193,0.788749
12.4481,0.789942
12.4769,0.791127
12.5057,0.792305
12.5345,0.793473
12.5632,0.794632
12.592,0.795784
12.6208,0.796929
12.6496,0.798064
12.6784,0.799187
12.7072,0.800292
12.736,0.801373
12.7647,0.802426
12.7935,0.803446
12.8223,0.804433
12.8511,0.805385
12.8799,0.806304
12.9087,0.807191
12.9374,0.808047
12.9662,0.80887
12.995,0.809657
13.0238,0.810404
13.0526,0.811106
13.0814,0.811758
13.1102,0.812359
13.1389,0.812907
13.1677,0.813403
13.1965,0.81385
13.2253,0.814249
13.2541,0.814603
13.2829,0.814909
13.3117,0.815167
13.3404,0.815373
13.3692,0.815524
13.398,0.815616
13.4268,0.815649
13.4556,0.815624
13.4844,0.815542
13.5131,0.815408
13.5419,0.815224
13.5707,0.814993
13.5995,0.814716
13.6283,0.814391
13.6571,0.814017
13.6859,0.813591
13.7146,0.813112
13.7434,0.812581
13.7722,0.812
13.801,0.811372
13.8298,0.810703
13.8586,0.809996
13.8873,0.809255
13.9161,0.80848
13.9449,0.807673
13.9737,0.806832
14.0025,0.805956
14.0313,0.805046
14.0601,0.804101
14.0888,0.803127
14.1176,0.802127
14.1464,0.801106
14.1752,0.80007
14.204,0.799022
14.2328,0.797963
14.2615,0.796894
14.2903,0.795815
14.3191,0.794726
14.3479,0.793625
14.3767,0.792516
14.4055,0.791403
14.4343,0.790289
14.463,0.789181
14.4918,0.788082
14.5206,0.786996
14.5494,0.785925
14.5782,0.784868
14.607,0.783826
14.6357,0.782798
14.6645,0.781783
14.6933,0.780784
14.7221,0.779804
14.7509,0.778848
14.7797,0.77792
14.8085,0.777025
14.8372,0.776164
14.866,0.775338
14.8948,0.774548
14.9236,0.773792
14.9524,0.773068
14.9812,0.772376
15.01,0.771719
15.0387,0.771098
15.0675,0.770518
15.0963,0.769981
15.1251,0.769491
15.1539,0.76905
15.1827,0.768657
15.2114,0.76831
15.2402,0.768009
15.269,0.767749
15.2978,0.767532
15.3266,0.767357
15.3554,0.767227
15.3842,0.767143
15.4129,0.76711
15.4417,0.767127
15.4705,0.767197
15.4993,0.767316
15.5281,0.767484
15.5569,0.767697
15.5856,0.767952
15.6144,0.768247
15.6432,0.768583
15.672,0.76896
15.7008,0.76938
15.7296,0.769845
15.7584,0.770355
15.7871,0.77091
15.8159,0.771507
15.8447,0.772143
15.8735,0.772813
15.9023,0.773515
15.9311,0.774246
15.9598,0.775006
15.9886,0.775793
16.0174,0.776611
16.0462,0.777458
16.075,0.778335
16.1038,0.779241
16.1326,0.780171
16.1613,0.781123
16.1901,0.78209
16.2189,0.783071
16.2477,0.784061
16.2765,0.78506
16.3053,0.786067
16.334,0.787083
16.3628,0.788108
16.3916,0.789141
16.4204,0.79018
16.4492,0.791222
16.478,0.792261
16.5068,0.793294
16.5355,0.794316
16.5643,0.795325
16.5931,0.796319
16.6219,0.797299
16.6507,0.798265
16.6795,0.799217
16.7083,0.800153
16.737,0.801072
16.7658,0.801971
16.7946,0.802845
16.8234,0.803689
16.8522,0.804502
16.881,0.805279
16.9097,0.806022
16.9385,0.806729
16.9673,0.807403
16.9961,0.808044
17.0249,0.80865
17.0537,0.809222
17.0825,0.809755
17.1112,0.810247
17.14,0.810693
17.1688,0.811092
17.1976,0.811444
17.2264,0.811747
17.2552,0.812004
17.2839,0.812216
17.3127,0.812385
17.3415,0.812511
17.3703,0.812594
17.3991,0.812632
17.4279,0.812622
17.4567,0.812563
17.4854,0.812453
17.5142,0.812292
17.543,0.812083
17.5718,0.811828
17.6006,0.81153
17.6294,0.811191
17.6581,0.810812
17.6869,0.810395
17.7157,0.809938
17.7445,0.80944
17.7733,0.8089
17.8021,0.808318
17.8309,0.807696
17.8596,0.807036
17.8884,0.806343
17.9172,0.80562
17.946,0.804869
17.9748,0.804095
18.0036,0.803296
18.0323,0.802473
18.0611,0.801626
18.0899,0.800754
18.1187,0.799859
18.1475,0.798943
18.1763,0.79801
18.2051,0.797062
18.2338,0.796105
18.2626,0.795143
18.2914,0.794176
18.3202,0.793207
18.349,0.792236
18.3778,0.791262
18.4066,0.790285
18.4353,0.789307
18.4641,0.788331
18.4929,0.78736
18.5217,0.786397
18.5505,0.785448
18.5793,0.784515
18.608,0.783599
18.6368,0.782703
18.6656,0.781825
18.6944,0.780965
18.7232,0.780124
18.752,0.779302
18.7808,0.778502
18.8095,0.777727
18.8383,0.776979
18.8671,0.776263
18.8959,0.775582
18.9247,0.774935
18.9535,0.774324
18.9822,0.773747
19.011,0.773204
19.0398,0.772694
19.0686,0.772218
19.0974,0.771776
19.1262,0.771372
19.155,0.771009
19.1837,0.770688
19.2125,0.770411
19.2413,0.770179
19.2701,0.76999
19.2989,0.769843
19.3277,0.769737
19.3564,0.76967
19.3852,0.769641
19.414,0.769651
19.4428,0.769703
19.4716,0.769798
19.5004,0.769938
19.5292,0.770122
19.5579,0.77035
19.5867,0.770621
19.6155,0.770932
19.6443,0.77128
19.6731,0.771663
19.7019,0.772081
19.7306,0.772533
19.7594,0.77302
19.7882,0.773543
19.817,0.774103
19.8458,0.774699
19.8746,0.77533
19.9034,0.775993
19.9321,0.776684
19.9609,0.777401
19.9897,0.778141
20.0185,0.778902
20.0473,0.779683
20.0761,0.780486
20.1049,0.78131
20.1336,0.782155
20.1624,0.78302
20.1912,0.783902
20.22,0.784799
20.2488,0.785706
20.2776,0.78662
20.3063,0.787538
20.3351,0.788459
20.3639,0.789381
20.3927,0.790304
20.4215,0.791229
20.4503,0.792154
20.4791,0.793079
20.5078,0.794001
20.5366,0.794915
20.5654,0.79582
20.5942,0.796709
20.623,0.797583
20.6518,0.798437
20.6805,0.799273
20.7093,0.800089
20.7381,0.800887
20.7669,0.801665
20.7957,0.802422
20.8245,0.803156
20.8533,0.803864
20.882,0.804543
20.9108,0.805188
20.9396,0.805799
20.9684,0.806374
20.9972,0.806914
21.026,0.807418
21.0547,0.807889
21.0835,0.808325
21.1123,0.808726
21.1411,0.80909
21.1699,0.809416
21.1987,0.8097
21.2275,0.80994
21.2562,0.810135
21.285,0.810286
21.3138,0.810394
21.3426,0.81046
21.3714,0.810485
21.4002,0.810471
21.4289,0.810418
21.4577,0.810325
21.4865,0.81019
21.5153,0.810012
21.5441,0.809791
21.5729,0.809526
21.6017,0.809219
21.6304,0.808871
21.6592,0.808486
21.688,0.808065
21.7168,0.807611
21.7456,0.807125
21.7744,0.806606
21.8032,0.806054
21.8319,0.805469
21.8607,0.804851
21.8895,0.8042
21.9183,0.80352
21.9471,0.802812
21.9759,0.80208
22.0046,0.801328
22.0334,0.800558
22.0622,0.799771
22.091,0.798968
22.1198,0.798148
22.1486,0.797312
22.1774,0.796461
22.2061,0.795597
22.2349,0.794721
22.2637,0.793837
22.2925,0.792949
22.3213,0.79206
22.3501,0.791172
22.3788,0.790288
22.4076,0.789407
22.4364,0.78853
22.4652,0.787657
22.494,0.786789
22.5228,0.785927
22.5516,0.785074
22.5803,0.784234
22.6091,0.783409
22.6379,0.782602
22.6667,0.781817
22.6955,0.781053
22.7243,0.780312
22.753,0.779592
22.7818,0.778894
22.8106,0.778218
22.8394,0.777565
22.8682,0.776938
22.897,0.77634
22.9258,0.775773
22.9545,0.775239
22.9833,0.77474
23.0121,0.774277
23.0409,0.773848
23.0697,0.773453
23.0985,0.773092
23.1272,0.772763
23.156,0.772469
23.1848,0.772209
23.2136,0.771987
23.2424,0.771805
23.2712,0.771663
23.3,0.771562
23.3287,0.771503
23.3575,0.771482
23.3863,0.7715
23.4151,0.771553
23.4439,0.771643
23.4727,0.771768
23.5014,0.771929
23.5302,0.772128
23.559,0.772365
23.5878,0.772642
23.6166,0.772957
23.6454,0.77331
23.6742,0.773699
23.7029,0.77412
23.7317,0.774571
23.7605,0.775052
23.7893,0.775561
23.8181,0.7761
23.8469,0.776667
23.8757,0.777264
23.9044,0.77789
23.9332,0.778545
23.962,0.779225
23.9908,0.779928
24.0196,0.780651
24.0484,0.781392
24.0771,0.782148
24.1059,0.782918
24.1347,0.783703
24.1635,0.784501
24.1923,0.785314
24.2211,0.786139
24.2499,0.786975
24.2786,0.78782
24.3074,0.78867
24.3362,0.789523
24.365,0.790374
24.3938,0.791223
24.4226,0.792067
24.4513,0.792907
24.4801,0.793742
24.5089,0.794572
24.5377,0.795396
24.5665,0.796212
24.5953,0.797017
24.6241,0.797807
24.6528,0.798581
24.6816,0.799335
24.7104,0.800068
24.7392,0.800777
24.768,0.801465
24.7968,0.802129
24.8255,0.802771
24.8543,0.80339
24.8831,0.803983
24.9119,0.804549
24.9407,0.805085
24.9695,0.805588
24.9983,0.806057
25.027,0.806489
25.0558,0.806886
25.0846,0.807248
25.1134,0.807574
25.1422,0.807867
25.171,0.808125
25.1997,0.808349
25.2285,0.808535
25.2573,0.808683
25.2861,0.808791
25.3149,0.808857
25.3437,0.808882
25.3725,0.808866
25.4012,0.808811
25.43,0.808719
25.4588,0.808591
25.4876,0.808427
25.5164,0.808227
25.5452,0.807992
25.574,0.807719
25.6027,0.807409
25.6315,0.80706
25.6603,0.806675
25.6891,0.806255
25.7179,0.805802
25.7467,0.805319
25.7754,0.804807
25.8042,0.804269
25.833,0.803705
25.8618,0.803114
25.8906,0.802498
25.9194,0.801855
25.9482,0.801187
25.9769,0.800496
26.0057,0.799783
26.0345,0.799052
26.0633,0.798306
26.0921,0.797547
26.1209,0.796777
26.1496,0.795997
26.1784,0.795208
26.2072,0.794409
26.236,0.793602
26.2648,0.792787
26.2936,0.791967
26.3224,0.791144
26.3511,0.790321
26.3799,0.789502
26.4087,0.788688
26.4375,0.787882
26.4663,0.787084
26.4951,0.786296
26.5238,0.785516
26.5526,0.784746
26.5814,0.783987
26.6102,0.78324
26.639,0.782508
26.6678,0.781794
26.6966,0.781101
26.7253,0.780431
26.7541,0.779785
26.7829,0.779163
26.8117,0.778566
26.8405,0.777993
26.8693,0.777444
26.898,0.776921
26.9268,0.776424
26.9556,0.775955
26.9844,0.775517
27.0132,0.775113
27.042,0.774742
27.0708,0.774406
27.0995,0.774105
27.1283,0.773838
27.1571,0.773604
27.1859,0.773402
27.2147,0.773233
27.2435,0.773097
27.2723,0.772996
27.301,0.772932
27.3298,0.772905
27.3586,0.772916
27.3874,0.772965
27.4162,0.773051
27.445,0.773173
27.4737,0.773328
27.5025,0.773515
27.5313,0.773735
27.5601,0.773986
27.5889,0.774271
27.6177,0.774589
27.6465,0.774942
27.6752,0.775328
27.704,0.775747
27.7328,0.776196
27.7616,0.776675
27.7904,0.777179
27.8192,0.777709
27.8479,0.778262
27.8767,0.778838
27.9055,0.779437
27.9343,0.780059
27.9631,0.780705
27.9919,0.781372
28.0207,0.782061
28.0494,0.782766
28.0782,0.783488
28.107,0.784221
28.1358,0.784965
28.1646,0.785718
28.1934,0.786479
28.2221,0.787248
28.2509,0.788024
28.2797,0.788807
28.3085,0.789596
28.3373,0.790388
28.3661,0.791181
28.3949,0.791972
28.4236,0.792757
28.4524,0.793535
28.4812,0.794305
28.51,0.795065
28.5388,0.795815
28.5676,0.796556
28.5963,0.797285
28.6251,0.798002
28.6539,0.798705
28.6827,0.799391
28.7115,0.800058
28.7403,0.800702
28.7691,0.801322
28.7978,0.801918
28.8266,0.802488
28.8554,0.803033
28.8842,0.803552
28.913,0.804046
28.9418,0.804514
28.9706,0.804953
28.9993,0.805362
29.0281,0.805739
29.0569,0.806081
29.0857,0.806388
29.1145,0.80666
29.1433,0.806896
29.172,0.807098
29.2008,0.807266
29.2296,0.807401
29.2584,0.807502
29.2872,0.807569
29.316,0.8076
29.3448,0.807593
29.3735,0.807549
29.4023,0.807467
29.4311,0.807347
29.4599,0.807191
29.4887,0.807001
29.5175,0.806777
29.5462,0.806522
29.575,0.806235
29.6038,0.805917
29.6326,0.805567
29.6614,0.805184
29.6902,0.804769
29.719,0.804323
29.7477,0.803846
29.7765,0.803341
29.8053,0.802811
29.8341,0.802257
29.8629,0.801681
29.8917,0.801085
29.9204,0.800469
29.9492,0.799832
29.978,0.799176
30.0068,0.798501
30.0356,0.797808
30.0644,0.797099
30.0932,0.796377
30.1219,0.795644
30.1507,0.794904
30.1795,0.794158
30.2083,0.793407
30.2371,0.792652
30.2659,0.791894
30.2946,0.791133
30.3234,0.79037
30.3522,0.789607
30.381,0.788844
30.4098,0.788086
30.4386,0.787336
30.4674,0.786594
30.4961,0.785864
30.5249,0.785147
30.5537,0.784442
30.5825,0.783751
30.6113,0.783073
30.6401,0.782409
30.6689,0.781761
30.6976,0.781131
30.7264,0.78052
30.7552,0.779932
30.784,0.779368
30.8128,0.77883
30.8416,0.778318
30.8703,0.777832
30.8991,0.777373
30.9279,0.776939
30.9567,0.776532
30.9855,0.776151
31.0143,0.775799
31.0431,0.775478
31.0718,0.775189
31.1006,0.774933
31.1294,0.774711
31.1582,0.774523
31.187,0.774368
31.2158,0.774246
31.2445,0.774155
31.2733,0.774096
31.3021,0.774068
31.3309,0.774073
31.3597,0.774111
31.3885,0.774184
31.4173,0.774292
31.446,0.774434
31.4748,0.774611
31.5036,0.774821
31.5324,0.775061
31.5612,0.775331
31.59,0.77563
31.6187,0.775957
31.6475,0.776313
31.6763,0.776697
31.7051,0.777111
31.7339,0.777554
31.7627,0.778025
31.7915,0.778523
31.8202,0.779045
31.849,0.77959
31.8778,0.780155
31.9066,0.780739
31.9354,0.781341
31.9642,0.781961
31.9929,0.782598
32.0217,0.783253
32.0505,0.783925
32.0793,0.784611
32.1081,0.785311
32.1369,0.786022
32.1657,0.78674
32.1944,0.787464
32.2232,0.788193
32.252,0.788924
32.2808,0.789658
32.3096,0.790394
32.3384,0.791131
32.3672,0.791869
32.3959,0.792605
32.4247,0.793339
32.4535,0.794066
32.4823,0.794784
32.5111,0.795491
32.5399,0.796186
32.5686,0.796868
32.5974,0.797535
32.6262,0.798188
32.655,0.798826
32.6838,0.799449
32.7126,0.800055
32.7414,0.800641
32.7701,0.801206
32.7989,0.801747
32.8277,0.802262
32.8565,0.80275
32.8853,0.803212
32.9141,0.803645
32.9428,0.804052
32.9716,0.804432
33.0004,0.804784
33.0292,0.805108
33.058,0.805402
33.0868,0.805663
33.1156,0.805892
33.1443,0.806086
33.1731,0.806245
33.2019,0.80637
33.2307,0.806461
33.2595,0.806519
33.2883,0.806546
33.317,0.80654
33.3458,0.806502
33.3746,0.806431
33.4034,0.806326
33.4322,0.806187
33.461,0.806013
33.4898,0.805804
33.5185,0.805563
33.5473,0.80529
33.5761,0.804987
33.6049,0.804656
33.6337,0.804297
33.6625,0.803911
33.6912,0.803498
33.72,0.803058
33.7488,0.802591
33.7776,0.802097
33.8064,0.801577
33.8352,0.801034
33.864,0.80047
33.8927,0.799886
33.9215,0.799286
33.9503,0.79867
33.9791,0.798039
34.0079,0.797393
34.0367,0.796734
34.0655,0.796061
34.0942,0.795375
34.123,0.794679
34.1518,0.793974
34.1806,0.793263
34.2094,0.792548
34.2382,0.791832
34.2669,0.791116
34.2957,0.790402
34.3245,0.789688
34.3533,0.788977
34.3821,0.788268
34.4109,0.787563
34.4397,0.786864
34.4684,0.786172
34.4972,0.785491
34.526,0.784822
34.5548,0.784167
34.5836,0.783528
34.6124,0.782906
34.6411,0.7823
34.6699,0.781711
34.6987,0.781139
34.7275,0.780585
34.7563,0.780051
34.7851,0.779539
34.8139,0.77905
34.8426,0.778586
34.8714,0.778149
34.9002,0.777739
34.929,0.777357
34.9578,0.777002
34.9866,0.776675
35.0153,0.776374
35.0441,0.776101
35.0729,0.775855
35.1017,0.77564
35.1305,0.775456
35.1593,0.775303
35.1881,0.775184
35.2168,0.775098
35.2456,0.775044
35.2744,0.775021
35.3032,0.77503
35.332,0.775067
35.3608,0.775135
35.3895,0.775233
35.4183,0.775361
35.4471,0.775521
35.4759,0.775712
35.5047,0.775935
35.5335,0.77619
35.5623,0.776474
35.591,0.776787
35.6198,0.777126
35.6486,0.777491
35.6774,0.77788
35.7062,0.778294
35.735,0.778733
35.7637,0.779196
35.7925,0.779683
35.8213,0.780195
35.8501,0.780728
35.8789,0.781283
35.9077,0.781855
35.9365,0.782444
35.9652,0.783048
35.994,0.783665
36.0228,0.784295
36.0516,0.784938
36.0804,0.785592
36.1092,0.786258
36.138,0.786935
36.1667,0.78762
36.1955,0.788312
36.2243,0.789007
36.2531,0.789704
36.2819,0.790401
36.3107,0.791096
36.3394,0.79179
36.3682,0.79248
36.397,0.793167
36.4258,0.79385
36.4546,0.794527
36.4834,0.795198
36.5122,0.795859
36.5409,0.796507
36.5697,0.797142
36.5985,0.797762
36.6273,0.798364
36.6561,0.798949
36.6849,0.799517
36.7136,0.800066
36.7424,0.800597
36.7712,0.801108
36.8,0.801598
36.8288,0.802065
36.8576,0.802507
36.8864,0.802922
36.9151,0.803309
36.9439,0.803667
36.9727,0.803998
37.0015,0.804299
37.0303,0.804573
37.0591,0.804819
37.0878,0.805036
37.1166,0.805224
37.1454,0.80538
37.1742,0.805505
37.203,0.805597
37.2318,0.805655
37.2606,0.805679
37.2893,0.805671
37.3181,0.805632
37.3469,0.805562
37.3757,0.805462
37.4045,0.805332
37.4333,0.805173
37.462,0.804982
37.4908,0.804761
37.5196,0.804508
37.5484,0.804224
37.5772,0.803911
37.606,0.803569
37.6348,0.803201
37.6635,0.802808
37.6923,0.802391
37.7211,0.801951
37.7499,0.801488
37.7787,0.801003
37.8075,0.800496
37.8363,0.799966
37.865,0.799416
37.8938,0.798847
37.9226,0.798261
37.9514,0.79766
37.9802,0.797046
38.009,0.796421
38.0377,0.795786
38.0665,0.795141
38.0953,0.794488
38.1241,0.793825
38.1529,0.793156
38.1817,0.79248
38.2105,0.7918
38.2392,0.791118
38.268,0.790436
38.2968,0.789757
38.3256,0.789081
38.3544,0.788411
38.3832,0.787747
38.4119,0.787089
38.4407,0.786438
38.4695,0.785795
38.4983,0.78516
38.5271,0.784537
38.5559,0.783926
38.5847,0.783331
38.6134,0.782752
38.6422,0.782191
38.671,0.78165
38.6998,0.781128
38.7286,0.780625
38.7574,0.780143
38.7861,0.77968
38.8149,0.779239
38.8437,0.77882
38.8725,0.778425
38.9013,0.778057
38.9301,0.777716
38.9589,0.777402
38.9876,0.777118
39.0164,0.776861
39.0452,0.776632
39.074,0.77643
39.1028,0.776255
39.1316,0.776109
39.1603,0.775991
39.1891,0.775902
39.2179,0.775845
39.2467,0.775819
39.2755,0.775824
39.3043,0.775861
39.3331,0.775928
39.3618,0.776024
39.3906,0.776148
39.4194,0.776299
39.4482,0.776478
39.477,0.776686
39.5058,0.776921
39.5346,0.777185
39.5633,0.777477
39.5921,0.777798
39.6209,0.778145
39.6497,0.778518
39.6785,0.778915
39.7073,0.779333
39.736,0.779773
39.7648,0.780234
39.7936,0.780714
39.8224,0.781215
39.8512,0.781736
39.88,0.782277
39.9088,0.782835
39.9375,0.78341
39.9663,0.784
39.9951,0.784602
40.0239,0.785215
40.0527,0.785837
40.0815,0.786467
40.1102,0.787106
40.139,0.787751
40.1678,0.788403
40.1966,0.789061
40.2254,0.789724
40.2542,0.790388
40.283,0.791053
40.3117,0.791716
40.3405,0.792374
40.3693,0.793028
40.3981,0.793674
40.4269,0.794314
40.4557,0.794946
40.4844,0.79557
40.5132,0.796185
40.542,0.79679
40.5708,0.797382
40.5996,0.797959
40.6284,0.79852
40.6572,0.799062
40.6859,0.799585
40.7147,0.800088
40.7435,0.80057
40.7723,0.801032
40.8011,0.801473
40.8299,0.801892
40.8586,0.802289
40.8874,0.802661
40.9162,0.803007
40.945,0.803327
40.9738,0.803617
41.0026,0.803879
41.0314,0.804111
41.0601,0.804315
41.0889,0.80449
41.1177,0.804637
41.1465,0.804756
41.1753,0.804845
41.2041,0.804906
41.2329,0.804935
41.2616,0.804934
41.2904,0.8049
41.3192,0.804835
41.348,0.804739
41.3768,0.804613
41.4056,0.804458
41.4343,0.804276
41.4631,0.804066
41.4919,0.803829
41.5207,0.803565
41.5495,0.803273
41.5783,0.802953
41.6071,0.802607
41.6358,0.802234
41.6646,0.801835
41.6934,0.801414
41.7222,0.800971
41.751,0.800508
41.7798,0.800027
41.8085,0.799526
41.8373,0.799008
41.8661,0.798472
41.8949,0.797919
41.9237,0.79735
41.9525,0.796766
41.9813,0.796169
42.01,0.795561
42.0388,0.794944
42.0676,0.79432
42.0964,0.79369
42.1252,0.793055
42.154,0.792417
42.1827,0.791774
42.2115,0.791128
42.2403,0.79048
42.2691,0.789832
42.2979,0.789186
42.3267,0.788544
42.3555,0.787907
42.3842,0.787278
42.413,0.786657
42.4418,0.786046
42.4706,0.785446
42.4994,0.784855
42.5282,0.784276
42.5569,0.783709
42.5857,0.783155
42.6145,0.782617
42.6433,0.782096
42.6721,0.781594
42.7009,0.781112
42.7297,0.780651
42.7584,0.780211
42.7872,0.779793
42.816,0.779397
42.8448,0.779023
42.8736,0.778671
42.9024,0.778343
42.9312,0.778039
42.9599,0.777762
42.9887,0.777512
43.0175,0.77729
43.0463,0.777097
43.0751,0.776931
43.1039,0.776794
43.1326,0.776684
43.1614,0.776601
43.1902,0.776545
43.219,0.776517
43.2478,0.776517
43.2766,0.776546
43.3054,0.776604
43.3341,0.776693
43.3629,0.77681
43.3917,0.776957
43.4205,0.77713
43.4493,0.77733
43.4781,0.777556
43.5068,0.777806
43.5356,0.778082
43.5644,0.778382
43.5932,0.778708
43.622,0.779059
43.6508,0.779435
43.6796,0.779835
43.7083,0.780257
43.7371,0.780699
43.7659,0.78116
43.7947,0.78164
43.8235,0.782135
43.8523,0.782648
43.881,0.783176
43.9098,0.78372
43.9386,0.784278
43.9674,0.784851
43.9962,0.785437
44.025,0.786034
44.0538,0.786639
44.0825,0.787251
44.1113,0.787868
44.1401,0.78849
44.1689,0.789115
44.1977,0.789743
44.2265,0.790373
44.2552,0.791004
44.284,0.791636
44.3128,0.792267
44.3416,0.792894
44.3704,0.793515
44.3992,0.794129
44.428,0.794735
44.4567,0.79533
44.4855,0.795914
44.5143,0.796487
44.5431,0.797049
44.5719,0.797598
44.6007,0.798134
44.6295,0.798654
44.6582,0.799158
44.687,0.799642
44.7158,0.800107
44.7446,0.80055
44.7734,0.800971
44.8022,0.801369
44.8309,0.801744
44.8597,0.802097
44.8885,0.802427
44.9173,0.802733
44.9461,0.803014
44.9749,0.803269
45.0037,0.803496
45.0324,0.803695
45.0612,0.803864
45.09,0.804005
45.1188,0.804116
45.1476,0.8042
45.1764,0.804255
45.2051,0.804283
45.2339,0.804283
45.2627,0.804255
45.2915,0.804198
45.3203,0.804112
45.3491,0.803996
45.3779,0.803851
45.4066,0.803677
45.4354,0.803475
45.4642,0.803246
45.493,0.802991
45.5218,0.802713
45.5506,0.802409
45.5793,0.802082
45.6081,0.801731
45.6369,0.801356
45.6657,0.800958
45.6945,0.800537
45.7233,0.800094
45.7521,0.799631
45.7808,0.79915
45.8096,0.798653
45.8384,0.79814
45.8672,0.797614
45.896,0.797074
45.9248,0.79652
45.9535,0.795954
45.9823,0.795376
46.0111,0.794787
46.0399,0.794189
46.0687,0.793584
46.0975,0.792973
46.1263,0.79236
46.155,0.791744
46.1838,0.791128
46.2126,0.790512
46.2414,0.789896
46.2702,0.789282
46.299,0.788669
46.3278,0.78806
46.3565,0.787455
46.3853,0.786858
46.4141,0.786269
46.4429,0.785691
46.4717,0.785125
46.5005,0.784572
46.5292,0.784031
46.558,0.783505
46.5868,0.782992
46.6156,0.782495
46.6444,0.782012
46.6732,0.781548
46.702,0.781102
46.7307,0.780676
46.7595,0.780272
46.7883,0.779891
46.8171,0.779533
46.8459,0.779198
46.8747,0.778887
46.9034,0.778598
46.9322,0.778333
46.961,0.778091
46.9898,0.777875
47.0186,0.777684
47.0474,0.777521
47.0762,0.777386
47.1049,0.777278
47.1337,0.777199
47.1625,0.777147
47.1913,0.777123
47.2201,0.777124
47.2489,0.777151
47.2776,0.777205
47.3064,0.777285
47.3352,0.777393
47.364,0.777528
47.3928,0.777691
47.4216,0.777881
47.4504,0.778097
47.4791,0.778339
47.5079,0.778606
47.5367,0.778895
47.5655,0.779207
47.5943,0.779541
47.6231,0.779897
47.6518,0.780275
47.6806,0.780674
47.7094,0.781095
47.7382,0.781536
47.767,0.781996
47.7958,0.782474
47.8246,0.782968
47.8533,0.783475
47.8821,0.783996
47.9109,0.78453
47.9397,0.785075
47.9685,0.785632
47.9973,0.786199
48.0261,0.786777
48.0548,0.787363
48.0836,0.787957
48.1124,0.788556
48.1412,0.789158
48.17,0.789762
48.1988,0.790366
48.2275,0.790969
48.2563,0.791571
48.2851,0.792172
48.3139,0.792769
48.3427,0.793364
48.3715,0.793953
48.4003,0.794536
48.429,0.79511
48.4578,0.795674
48.4866,0.796226
48.5154,0.796765
48.5442,0.79729
48.573,0.797801
48.6017,0.798296
48.6305,0.798777
48.6593,0.799241
48.6881,0.799688
48.7169,0.800116
48.7457,0.800524
48.7745,0.80091
48.8032,0.801273
48.832,0.801612
48.8608,0.801927
48.8896,0.802218
48.9184,0.802485
48.9472,0.802728
48.9759,0.802946
49.0047,0.803139
49.0335,0.803306
49.0623,0.803446
49.0911,0.803558
49.1199,0.803641
49.1487,0.803695
49.1774,0.803721
49.2062,0.803719
49.235,0.803691
49.2638,0.803635
49.2926,0.803554
49.3214,0.803445
49.3501,0.803311
49.3789,0.803149
49.4077,0.80296
49.4365,0.802743
49.4653,0.802501
49.4941,0.802232
49.5229,0.801939
49.5516,0.801624
49.5804,0.801286
49.6092,0.800927
49.638,0.800548
49.6668,0.800149
49.6956,0.799729
49.7243,0.799289
49.7531,0.79883
49.7819,0.798354
49.8107,0.797861
49.8395,0.797353
49.8683,0.796832
49.8971,0.7963
49.9258,0.795757
49.9546,0.795205
49.9834,0.794644
50.0122,0.794074
50.041,0.793497
50.0698,0.792912
50.0986,0.792323
50.1273,0.79173
50.1561,0.791135
50.1849,0.79054
50.2137,0.789948
50.2425,0.789358
50.2713,0.788772
50.3,0.78819
50.3288,0.787613
50.3576,0.787042
50.3864,0.786477
50.4152,0.78592
50.444,0.785373
50.4728,0.784837
50.5015,0.784315
50.5303,0.783807
50.5591,0.783314
50.5879,0.782837
50.6167,0.782377
50.6455,0.781933
50.6742,0.781506
50.703,0.781097
50.7318,0.780706
50.7606,0.780336
50.7894,0.779987
50.8182,0.779661
50.847,0.779359
50.8757,0.779081
50.9045,0.778827
50.9333,0.778597
50.9621,0.778391
50.9909,0.778209
51.0197,0.778051
51.0484,0.777918
51.0772,0.77781
51.106,0.777729
51.1348,0.777675
51.1636,0.777648
51.1924,0.777649
51.2212,0.777676
51.2499,0.77773
51.2787,0.777809
51.3075,0.777913
51.3363,0.778041
51.3651,0.778194
51.3939,0.778372
51.4226,0.778576
51.4514,0.778804
51.4802,0.779058
51.509,0.779336
51.5378,0.779637
51.5666,0.77996
51.5954,0.780304
51.6241,0.780668
51.6529,0.781051
51.6817,0.781452
51.7105,0.781872
51.7393,0.78231
51.7681,0.782766
51.7969,0.783239
51.8256,0.783727
51.8544,0.78423
51.8832,0.784746
51.912,0.785272
51.9408,0.785808
51.9696,0.786353
51.9983,0.786906
52.0271,0.787466
52.0559,0.788033
52.0847,0.788606
52.1135,0.789184
52.1423,0.789766
52.1711,0.790349
52.1998,0.790933
52.2286,0.791514
52.2574,0.792093
52.2862,0.792667
52.315,0.793236
52.3438,0.7938
52.3725,0.794357
52.4013,0.794908
52.4301,0.79545
52.4589,0.795983
52.4877,0.796505
52.5165,0.797013
52.5453,0.797507
52.574,0.797986
52.6028,0.798447
52.6316,0.798892
52.6604,0.799319
52.6892,0.799729
52.718,0.80012
52.7467,0.800493
52.7755,0.800845
52.8043,0.801175
52.8331,0.801482
52.8619,0.801766
52.8907,0.802025
52.9195,0.802258
52.9482,0.802467
52.977,0.80265
53.0058,0.802809
53.0346,0.802944
53.0634,0.803053
53.0922,0.803136
53.1209,0.803193
53.1497,0.803223
53.1785,0.803225
53.2073,0.803199
53.2361,0.803146
53.2649,0.803066
53.2937,0.802961
53.3224,0.80283
53.3512,0.802674
53.38,0.802494
53.4088,0.80229
53.4376,0.802061
53.4664,0.801807
53.4952,0.801529
53.5239,0.801227
53.5527,0.800902
53.5815,0.800556
53.6103,0.800189
53.6391,0.799803
53.6679,0.799399
53.6966,0.798978
53.7254,0.79854
53.7542,0.798085
53.783,0.797615
53.8118,0.797129
53.8406,0.796629
53.8694,0.796115
53.8981,0.795591
53.9269,0.795057
53.9557,0.794515
53.9845,0.793966
54.0133,0.793412
54.0421,0.792852
54.0708,0.792288
54.0996,0.79172
54.1284,0.79115
54.1572,0.790577
54.186,0.790005
54.2148,0.789434
54.2436,0.788866
54.2723,0.788303
54.3011,0.787746
54.3299,0.787197
54.3587,0.786655
54.3875,0.786122
54.4163,0.785597
54.445,0.785082
54.4738,0.784578
54.5026,0.784086
54.5314,0.783607
54.5602,0.783144
54.589,0.782698
54.6178,0.782268
54.6465,0.781857
54.6753,0.781465
54.7041,0.781091
54.7329,0.780736
54.7617,0.7804
54.7905,0.780084
54.8192,0.779789
54.848,0.779517
54.8768,0.779267
54.9056,0.779042
54.9344,0.778842
54.9632,0.778667
54.992,0.778516
55.0207,0.778389
55.0495,0.778287
55.0783,0.778208
55.1071,0.778154
55.1359,0.778124
55.1647,0.77812
55.1935,0.778143
55.2222,0.778191
55.251,0.778266
55.2798,0.778366
55.3086,0.778491
55.3374,0.778641
55.3662,0.778813
55.3949,0.779009
55.4237,0.779227
55.4525,0.779468
55.4813,0.779731
55.5101,0.780018
55.5389,0.780326
55.5677,0.780657
55.5964,0.781008
55.6252,0.781379
55.654,0.781768
55.6828,0.782174
55.7116,0.782596
55.7404,0.783034
55.7691,0.783486
55.7979,0.783953
55.8267,0.784434
55.8555,0.784929
55.8843,0.785437
55.9131,0.785955
55.9419,0.786483
55.9706,0.787018
55.9994,0.78756
56.0282,0.788106
56.057,0.788657
56.0858,0.789212
56.1146,0.789769
56.1433,0.790329
56.1721,0.79089
56.2009,0.791452
56.2297,0.792012
56.2585,0.792569
56.2873,0.793121
56.3161,0.793666
56.3448,0.794204
56.3736,0.794734
56.4024,0.795254
56.4312,0.795765
56.46,0.796266
56.4888,0.796756
56.5175,0.797234
56.5463,0.797699
56.5751,0.798148
56.6039,0.79858
56.6327,0.798995
56.6615,0.799391
56.6903,0.799767
56.719,0.800124
56.7478,0.800461
56.7766,0.800779
56.8054,0.801076
56.8342,0.801351
56.863,0.801605
56.8918,0.801834
56.9205,0.802039
56.9493,0.802219
56.9781,0.802374
57.0069,0.802503
57.0357,0.802606
57.0645,0.802685
57.0932,0.802739
57.122,0.802769
57.1508,0.802774
57.1796,0.802753
57.2084,0.802706
57.2372,0.802633
57.266,0.802534
57.2947,0.802409
57.3235,0.802258
57.3523,0.802083
57.3811,0.801884
57.4099,0.801663
57.4387,0.801419
57.4674,0.801154
57.4962,0.800867
57.525,0.800558
57.5538,0.800227
57.5826,0.799875
57.6114,0.799503
57.6402,0.799113
57.6689,0.798704
57.6977,0.79828
57.7265,0.797841
57.7553,0.797387
57.7841,0.796921
57.8129,0.796442
57.8416,0.79595
57.8704,0.795447
57.8992,0.794933
57.928,0.79441
57.9568,0.793878
57.9856,0.793341
58.0144,0.792798
58.0431,0.792253
58.0719,0.791705
58.1007,0.791156
58.1295,0.790606
58.1583,0.790056
58.1871,0.789507
58.2158,0.78896
58.2446,0.788415
58.2734,0.787875
58.3022,0.787341
58.331,0.786815
58.3598,0.786298
58.3886,0.785791
58.4173,0.785295
58.4461,0.784811
58.4749,0.784337
58.5037,0.783877
58.5325,0.783429
58.5613,0.782995
58.5901,0.782577
58.6188,0.782176
58.6476,0.781793
58.6764,0.78143
58.7052,0.781086
58.734,0.780763
58.7628,0.780459
58.7915,0.780176
58.8203,0.779913
58.8491,0.779672
58.8779,0.779452
58.9067,0.779254
58.9355,0.77908
58.9643,0.778931
58.993,0.778806
59.0218,0.778706
59.0506,0.778631
59.0794,0.77858
59.1082,0.778553
59.137,0.778549
59.1657,0.778569
59.1945,0.778613
59.2233,0.778681
59.2521,0.778774
59.2809,0.778891
59.3097,0.779033
59.3385,0.7792
59.3672,0.77939
59.396,0.779602
59.4248,0.779836
59.4536,0.780091
59.4824,0.780367
59.5112,0.780662
59.5399,0.780978
59.5687,0.781313
59.5975,0.781669
59.6263,0.782043
59.6551,0.782436
59.6839,0.782845
59.7127,0.78327
59.7414,0.783709
59.7702,0.784161
59.799,0.784625
59.8278,0.785101
59.8566,0.785588
59.8854,0.786085
59.9141,0.786593
59.9429,0.787109
59.9717,0.787634
60.0005,0.788164
60.0293,0.788699
60.0581,0.789237
60.0869,0.789777
60.1156,0.790318
60.1444,0.790858
60.1732,0.791398
60.202,0.791937
60.2308,0.792473
60.2596,0.793007
60.2884,0.793536
60.3171,0.794058
60.3459,0.794574
60.3747,0.795079
60.4035,0.795575
60.4323,0.796059
60.4611,0.796531
60.4898,0.796991
60.5186,0.797437
60.5474,0.797871
60.5762,0.79829
60.605,0.798693
60.6338,0.799079
60.6626,0.799447
60.6913,0.799795
60.7201,0.800123
60.7489,0.80043
60.7777,0.800716
60.8065,0.80098
60.8353,0.801224
60.864,0.801446
60.8928,0.801645
60.9216,0.801822
60.9504,0.801976
60.9792,0.802104
61.008,0.802208
61.0368,0.802286
61.0655,0.802339
61.0943,0.802366
61.1231,0.80237
61.1519,0.802349
61.1807,0.802304
61.2095,0.802235
61.2382,0.802142
61.267,0.802025
61.2958,0.801884
61.3246,0.801718
61.3534,0.801527
61.3822,0.801313
61.411,0.801077
61.4397,0.800818
61.4685,0.80054
61.4973,0.800241
61.5261,0.799923
61.5549,0.799586
61.5837,0.79923
61.6124,0.798856
61.6412,0.798464
61.67,0.798055
61.6988,0.797629
61.7276,0.797189
61.7564,0.796736
61.7852,0.796271
61.8139,0.795796
61.8427,0.795311
61.8715,0.794816
61.9003,0.794313
61.9291,0.793802
61.9579,0.793284
61.9866,0.792759
62.0154,0.79223
62.0442,0.791698
62.073,0.791164
62.1018,0.79063
62.1306,0.790097
62.1594,0.789567
62.1881,0.789039
62.2169,0.788515
62.2457,0.787994
62.2745,0.787478
62.3033,0.786969
62.3321,0.786466
62.3609,0.785972
62.3896,0.785489
62.4184,0.785017
62.4472,0.784558
62.476,0.784113
62.5048,0.783681
62.5336,0.783263
62.5623,0.78286
62.5911,0.782472
62.6199,0.7821
62.6487,0.781745
62.6775,0.781408
62.7063,0.781091
62.7351,0.780794
62.7638,0.780519
62.7926,0.780265
62.8214,0.780032
62.8502,0.77982
62.879,0.77963
62.9078,0.779461
62.9365,0.779314
62.9653,0.77919
62.9941,0.779089
63.0229,0.779013
63.0517,0.778961
63.0805,0.778933
63.1093,0.77893
63.138,0.77895
63.1668,0.778994
63.1956,0.77906
63.2244,0.779149
63.2532,0.779261
63.282,0.779395
63.3107,0.779552
63.3395,0.779733
63.3683,0.779936
63.3971,0.780161
63.4259,0.780409
63.4547,0.780677
63.4835,0.780965
63.5122,0.781271
63.541,0.781596
63.5698,0.781938
63.5986,0.782297
63.6274,0.782674
63.6562,0.783067
63.6849,0.783476
63.7137,0.783901
63.7425,0.78434
63.7713,0.784791
63.8001,0.785254
63.8289,0.785727
63.8577,0.786209
63.8864,0.786699
63.9152,0.787196
63.944,0.787701
63.9728,0.788212
64.0016,0.78873
64.0304,0.789251
64.0592,0.789776
64.0879,0.790302
64.1167,0.790828
64.1455,0.791352
64.1743,0.791874
64.2031,0.792393
64.2319,0.792907
64.2606,0.793417
64.2894,0.793922
64.3182,0.79442
64.347,0.794911
64.3758,0.795394
64.4046,0.795866
64.4334,0.796326
64.4621,0.796774
64.4909,0.797207
64.5197,0.797626
64.5485,0.79803
64.5773,0.798419
64.6061,0.798792
64.6348,0.799148
64.6636,0.799488
64.6924,0.799808
64.7212,0.800109
64.75,0.80039
64.7788,0.800649
64.8076,0.800885
64.8363,0.8011
64.8651,0.801292
64.8939,0.801462
64.9227,0.80161
64.9515,0.801736
64.9803,0.801839
65.009,0.801918
65.0378,0.801973
65.0666,0.802003
65.0954,0.802009
65.1242,0.801989
65.153,0.801946
65.1818,0.801878
65.2105,0.801787
65.2393,0.801673
65.2681,0.801537
65.2969,0.801379
65.3257,0.801198
65.3545,0.800995
65.3832,0.800769
65.412,0.800521
65.4408,0.800251
65.4696,0.799961
65.4984,0.799652
65.5272,0.799324
65.556,0.798979
65.5847,0.798617
65.6135,0.798239
65.6423,0.797846
65.6711,0.797437
65.6999,0.797014
65.7287,0.796576
65.7575,0.796125
65.7862,0.795663
65.815,0.795191
65.8438,0.79471
65.8726,0.794221
65.9014,0.793726
65.9302,0.793226
65.9589,0.79272
65.9877,0.79221
66.0165,0.791696
66.0453,0.791179
66.0741,0.79066
66.1029,0.790142
66.1317,0.789625
66.1604,0.789111
66.1892,0.788601
66.218,0.788096
66.2468,0.787597
66.2756,0.787105
66.3044,0.78662
66.3331,0.786142
66.3619,0.785673
66.3907,0.785214
66.4195,0.784766
66.4483,0.78433
66.4771,0.783908
66.5059,0.783501
66.5346,0.78311
66.5634,0.782734
66.5922,0.782375
66.621,0.782032
66.6498,0.781706
66.6786,0.781398
66.7073,0.781108
66.7361,0.780837
66.7649,0.780586
66.7937,0.780357
66.8225,0.78015
66.8513,0.779965
66.8801,0.779802
66.9088,0.77966
66.9376,0.779541
66.9664,0.779443
66.9952,0.779368
67.024,0.779314
67.0528,0.779284
67.0815,0.779276
67.1103,0.779293
67.1391,0.779334
67.1679,0.779398
67.1967,0.779485
67.2255,0.779594
67.2543,0.779726
67.283,0.779878
67.3118,0.780052
67.3406,0.780246
67.3694,0.780461
67.3982,0.780698
67.427,0.780955
67.4558,0.781233
67.4845,0.78153
67.5133,0.781846
67.5421,0.78218
67.5709,0.78253
67.5997,0.782895
67.6285,0.783276
67.6572,0.78367
67.686,0.784079
67.7148,0.784502
67.7436,0.784938
67.7724,0.785386
67.8012,0.785845
67.83,0.786314
67.8587,0.786792
67.8875,0.787277
67.9163,0.787767
67.9451,0.788262
67.9739,0.788762
68.0027,0.789266
68.0314,0.789772
68.0602,0.790281
68.089,0.790791
68.1178,0.791302
68.1466,0.791811
68.1754,0.792317
68.2042,0.792818
68.2329,0.793314
68.2617,0.793803
68.2905,0.794286
68.3193,0.79476
68.3481,0.795226
68.3769,0.795684
68.4056,0.796131
68.4344,0.796567
68.4632,0.796991
68.492,0.797401
68.5208,0.797796
68.5496,0.798174
68.5784,0.798536
68.6071,0.798881
68.6359,0.799209
68.6647,0.799519
68.6935,0.799811
68.7223,0.800085
68.7511,0.800339
68.7798,0.800572
68.8086,0.800784
68.8374,0.800973
68.8662,0.80114
68.895,0.801284
68.9238,0.801405
68.9526,0.801503
68.9813,0.80158
69.0101,0.801633
69.0389,0.801665
69.0677,0.801673
69.0965,0.801658
69.1253,0.801619
69.1541,0.801556
69.1828,0.80147
69.2116,0.80136
69.2404,0.801227
69.2692,0.801072
69.298,0.800895
69.3268,0.800698
69.3555,0.800481
69.3843,0.800243
69.4131,0.799985
69.4419,0.799707
69.4707,0.799409
69.4995,0.799092
69.5283,0.798756
69.557,0.798404
69.5858,0.798036
69.6146,0.797653
69.6434,0.797256
69.6722,0.796847
69.701,0.796424
69.7297,0.79599
69.7585,0.795544
69.7873,0.795087
69.8161,0.794621
69.8449,0.794145
69.8737,0.793663
69.9025,0.793175
69.9312,0.792682
69.96,0.792186
69.9888,0.791688
70.0176,0.791188
70.0464,0.790687
70.0752,0.790185
70.1039,0.789684
70.1327,0.789184
70.1615,0.788687
70.1903,0.788194
70.2191,0.787707
70.2479,0.787227
70.2767,0.786755
70.3054,0.786291
70.3342,0.785837
70.363,0.785393
70.3918,0.784959
70.4206,0.784536
70.4494,0.784125
70.4781,0.783727
70.5069,0.783343
70.5357,0.782975
70.5645,0.782623
70.5933,0.782289
70.6221,0.781973
70.6509,0.781674
70.6796,0.781393
70.7084,0.781131
70.7372,0.780887
70.766,0.780663
70.7948,0.780458
70.8236,0.780274
70.8524,0.780112
70.8811,0.779973
70.9099,0.779855
70.9387,0.77976
70.9675,0.779688
70.9963,0.779637
71.0251,0.779608
71.0538,0.7796
71.0826,0.779614
71.1114,0.77965
71.1402,0.779709
71.169,0.77979
71.1978,0.779894
71.2266,0.780021
71.2553,0.780169
71.2841,0.780339
71.3129,0.780529
71.3417,0.780739
71.3705,0.780968
71.3993,0.781216
71.428,0.781483
71.4568,0.781768
71.4856,0.782073
71.5144,0.782395
71.5432,0.782734
71.572,0.78309
71.6008,0.783462
71.6295,0.783847
71.6583,0.784245
71.6871,0.784656
71.7159,0.785078
71.7447,0.785511
71.7735,0.785954
71.8022,0.786408
71.831,0.786871
71.8598,0.787342
71.8886,0.78782
71.9174,0.788304
71.9462,0.788791
71.975,0.789282
72.0037,0.789774
72.0325,0.790268
72.0613,0.790762
72.0901,0.791256
72.1189,0.791749
72.1477,0.79224
72.1764,0.792728
72.2052,0.793212
72.234,0.793691
72.2628,0.794162
72.2916,0.794625
72.3204,0.795079
72.3492,0.795522
72.3779,0.795956
72.4067,0.796378
72.4355,0.796789
72.4643,0.797188
72.4931,0.797573
72.5219,0.797944
72.5507,0.798299
72.5794,0.798637
72.6082,0.798958
72.637,0.79926
72.6658,0.799544
72.6946,0.799808
72.7234,0.800054
72.7521,0.80028
72.7809,0.800487
72.8097,0.800673
72.8385,0.800838
72.8673,0.800982
72.8961,0.801103
72.9249,0.801201
72.9536,0.801276
72.9824,0.801328
73.0112,0.801357
73.04,0.801365
73.0688,0.80135
73.0976,0.801313
73.1263,0.801255
73.1551,0.801174
73.1839,0.80107
73.2127,0.800944
73.2415,0.800795
73.2703,0.800625
73.2991,0.800433
73.3278,0.80022
73.3566,0.799988
73.3854,0.799737
73.4142,0.799468
73.443,0.79918
73.4718,0.798875
73.5005,0.798552
73.5293,0.798212
73.5581,0.797856
73.5869,0.797483
73.6157,0.797097
73.6445,0.796697
73.6733,0.796285
73.702,0.795862
73.7308,0.795429
73.7596,0.794987
73.7884,0.794535
73.8172,0.794076
73.846,0.793608
73.8747,0.793134
73.9035,0.792655
73.9323,0.792171
73.9611,0.791684
73.9899,0.791196
74.0187,0.790707
74.0475,0.79022
74.0762,0.789733
74.105,0.789249
74.1338,0.788768
74.1626,0.788289
74.1914,0.787815
74.2202,0.787347
74.2489,0.786885
74.2777,0.786431
74.3065,0.785987
74.3353,0.785553
74.3641,0.78513
74.3929,0.78472
74.4217,0.784321
74.4504,0.783935
74.4792,0.783562
74.508,0.783203
74.5368,0.782859
74.5656,0.782531
74.5944,0.782219
74.6232,0.781926
74.6519,0.781651
74.6807,0.781395
74.7095,0.781158
74.7383,0.780941
74.7671,0.780743
74.7959,0.780564
74.8246,0.780405
74.8534,0.780267
74.8822,0.780149
74.911,0.780053
74.9398,0.779979
74.9686,0.779928
74.9974,0.779899
75.0261,0.779892
75.0549,0.779907
75.0837,0.779943
75.1125,0.78
75.1413,0.780077
75.1701,0.780176
75.1988,0.780296
75.2276,0.780437
75.2564,0.780599
75.2852,0.780783
75.314,0.780987
75.3428,0.781211
75.3716,0.781453
75.4003,0.781714
75.4291,0.781992
75.4579,0.782287
75.4867,0.782598
75.5155,0.782926
75.5443,0.783269
75.573,0.783629
75.6018,0.784003
75.6306,0.784391
75.6594,0.784792
75.6882,0.785204
75.717,0.785627
75.7458,0.786059
75.7745,0.786499
75.8033,0.786948
75.8321,0.787404
75.8609,0.787867
75.8897,0.788336
75.9185,0.788811
75.9472,0.78929
75.976,0.789771
76.0048,0.790253
76.0336,0.790736
76.0624,0.791217
76.0912,0.791697
76.12,0.792173
76.1487,0.792647
76.1775,0.793116
76.2063,0.793581
76.2351,0.794041
76.2639,0.794493
76.2927,0.794937
76.3215,0.795372
76.3502,0.795796
76.379,0.796208
76.4078,0.796608
76.4366,0.796995
76.4654,0.797369
76.4942,0.797729
76.5229,0.798075
76.5517,0.798405
76.5805,0.79872
76.6093,0.799017
76.6381,0.799296
76.6669,0.799556
76.6957,0.799797
76.7244,0.800017
76.7532,0.800218
76.782,0.800398
76.8108,0.800559
76.8396,0.800699
76.8684,0.800818
76.8971,0.800916
76.9259,0.800992
76.9547,0.801046
76.9835,0.801078
77.0123,0.801086
77.0411,0.801072
77.0699,0.801036
77.0986,0.800978
77.1274,0.800899
77.1562,0.800798
77.185,0.800677
77.2138,0.800535
77.2426,0.800373
77.2713,0.800189
77.3001,0.799984
77.3289,0.799759
77.3577,0.799515
77.3865,0.799252
77.4153,0.798971
77.4441,0.798673
77.4728,0.798359
77.5016,0.798029
77.5304,0.797685
77.5592,0.797325
77.588,0.796951
77.6168,0.796564
77.6455,0.796163
77.6743,0.795751
77.7031,0.795327
77.7319,0.794895
77.7607,0.794454
77.7895,0.794007
77.8183,0.793553
77.847,0.793093
77.8758,0.792628
77.9046,0.792159
77.9334,0.791686
77.9622,0.79121
77.991,0.790733
78.0198,0.790256
78.0485,0.78978
78.0773,0.789306
78.1061,0.788837
78.1349,0.788371
78.1637,0.787911
78.1925,0.787456
78.2212,0.787008
78.25,0.786566
78.2788,0.786132
78.3076,0.785707
78.3364,0.785293
78.3652,0.78489
78.394,0.784499
78.4227,0.784122
78.4515,0.783759
78.4803,0.78341
78.5091,0.783076
78.5379,0.782757
78.5667,0.782453
78.5954,0.782165
78.6242,0.781895
78.653,0.781642
78.6818,0.781408
78.7106,0.781194
78.7394,0.781
78.7682,0.780826
78.7969,0.780672
78.8257,0.780537
78.8545,0.780423
78.8833,0.780329
78.9121,0.780255
78.9409,0.780202
78.9696,0.780171
78.9984,0.780161
79.0272,0.780173
79.056,0.780207
79.0848,0.780262
79.1136,0.780339
79.1424,0.780436
79.1711,0.780553
79.1999,0.78069
79.2287,0.780846
79.2575,0.781022
79.2863,0.781218
79.3151,0.781433
79.3438,0.781668
79.3726,0.781921
79.4014,0.782193
79.4302,0.782481
79.459,0.782786
79.4878,0.783105
79.5166,0.78344
79.5453,0.783788
79.5741,0.78415
79.6029,0.784526
79.6317,0.784914
79.6605,0.785315
79.6893,0.785727
79.7181,0.786149
79.7468,0.78658
79.7756,0.787019
79.8044,0.787465
79.8332,0.787916
79.862,0.788372
79.8908,0.788832
79.9195,0.789297
79.9483,0.789764
79.9771,0.790234
80.0059,0.790705
80.0347,0.791176
80.0635,0.791645
80.0923,0.792112
80.121,0.792575
80.1498,0.793033
80.1786,0.793485
80.2074,0.793931
80.2362,0.794371
80.265,0.794803
80.2937,0.795227
80.3225,0.795641
80.3513,0.796046
80.3801,0.796438
80.4089,0.796818
80.4377,0.797184
80.4665,0.797536
80.4952,0.797872
80.524,0.798193
80.5528,0.798499
80.5816,0.798788
80.6104,0.799061
80.6392,0.799317
80.6679,0.799554
80.6967,0.799772
80.7255,0.79997
80.7543,0.800148
80.7831,0.800305
80.8119,0.800442
80.8407,0.800557
80.8694,0.800652
80.8982,0.800726
80.927,0.80078
80.9558,0.800813
80.9846,0.800824
81.0134,0.800814
81.0421,0.800781
81.0709,0.800727
81.0997,0.80065
81.1285,0.800552
81.1573,0.800433
81.1861,0.800294
81.2149,0.800136
81.2436,0.799958
81.2724,0.79976
81.3012,0.799544
81.33,0.799309
81.3588,0.799055
81.3876,0.798782
81.4164,0.798492
81.4451,0.798185
81.4739,0.797863
81.5027,0.797526
81.5315,0.797175
81.5603,0.796812
81.5891,0.796435
81.6178,0.796047
81.6466,0.795648
81.6754,0.795237
81.7042,0.794816
81.733,0.794386
81.7618,0.793948
81.7906,0.793504
81.8193,0.793054
81.8481,0.7926
81.8769,0.792143
81.9057,0.791683
81.9345,0.791221
81.9633,0.790757
81.992,0.790293
82.0208,0.789829
82.0496,0.789366
82.0784,0.788906
82.1072,0.78845
82.136,0.787999
82.1648,0.787554
82.1935,0.787116
82.2223,0.786686
82.2511,0.786264
82.2799,0.785851
82.3087,0.785447
82.3375,0.785054
82.3662,0.784671
82.395,0.7843
82.4238,0.783943
82.4526,0.783601
82.4814,0.783273
82.5102,0.782961
82.539,0.782665
82.5677,0.782385
82.5965,0.782122
82.6253,0.781876
82.6541,0.781646
82.6829,0.781435
82.7117,0.781243
82.7404,0.781069
82.7692,0.780916
82.798,0.780784
82.8268,0.780672
82.8556,0.78058
82.8844,0.780509
82.9132,0.780458
82.9419,0.780427
82.9707,0.780416
82.9995,0.780425
83.0283,0.780455
83.0571,0.780506
83.0859,0.780578
83.1147,0.780672
83.1434,0.780786
83.1722,0.78092
83.201,0.781073
83.2298,0.781245
83.2586,0.781436
83.2874,0.781645
83.3161,0.781872
83.3449,0.782116
83.3737,0.782378
83.4025,0.782657
83.4313,0.782954
83.4601,0.783266
83.4889,0.783593
83.5176,0.783934
83.5464,0.784289
83.5752,0.784655
83.604,0.785033
83.6328,0.785422
83.6616,0.785822
83.6903,0.786231
83.7191,0.786651
83.7479,0.787079
83.7767,0.787514
83.8055,0.787956
83.8343,0.788403
83.8631,0.788854
83.8918,0.789307
83.9206,0.789763
83.9494,0.79022
83.9782,0.790678
84.007,0.791135
84.0358,0.791593
84.0645,0.792049
84.0933,0.792502
84.1221,0.792951
84.1509,0.793395
84.1797,0.793832
84.2085,0.794262
84.2373,0.794683
84.266,0.795096
84.2948,0.795499
84.3236,0.795893
84.3524,0.796276
84.3812,0.796647
84.41,0.797006
84.4387,0.797352
84.4675,0.797683
84.4963,0.797999
84.5251,0.798298
84.5539,0.798581
84.5827,0.798847
84.6115,0.799095
84.6402,0.799326
84.669,0.799539
84.6978,0.799734
84.7266,0.79991
84.7554,0.800067
84.7842,0.800203
84.813,0.800318
84.8417,0.800412
84.8705,0.800485
84.8993,0.800537
84.9281,0.800568
84.9569,0.800579
84.9857,0.800569
85.0144,0.800539
85.0432,0.800488
85.072,0.800417
85.1008,0.800324
85.1296,0.80021
85.1584,0.800076
85.1872,0.799921
85.2159,0.799747
85.2447,0.799553
85.2735,0.799342
85.3023,0.799113
85.3311,0.798866
85.3599,0.798603
85.3886,0.798322
85.4174,0.798026
85.4462,0.797713
85.475,0.797384
85.5038,0.797042
85.5326,0.796685
85.5614,0.796317
85.5901,0.795937
85.6189,0.795547
85.6477,0.795148
85.6765,0.794739
85.7053,0.794322
85.7341,0.793896
85.7628,0.793463
85.7916,0.793024
85.8204,0.79258
85.8492,0.792131
85.878,0.79168
85.9068,0.791228
85.9356,0.790775
85.9643,0.790323
85.9931,0.789871
86.0219,0.789421
86.0507,0.788973
86.0795,0.788528
86.1083,0.788087
86.137,0.78765
86.1658,0.787221
86.1946,0.786798
86.2234,0.786385
86.2522,0.78598
86.281,0.785586
86.3098,0.785203
86.3385,0.78483
86.3673,0.784469
86.3961,0.78412
86.4249,0.783784
86.4537,0.783461
86.4825,0.783154
86.5112,0.782862
86.54,0.782587
86.5688,0.782329
86.5976,0.782088
86.6264,0.781865
86.6552,0.781659
86.684,0.781471
86.7127,0.781301
86.7415,0.78115
86.7703,0.781018
86.7991,0.780905
86.8279,0.780813
86.8567,0.780742
86.8855,0.780691
86.9142,0.78066
86.943,0.78065
86.9718,0.78066
87.0006,0.780689
87.0294,0.780738
87.0582,0.780807
87.0869,0.780895
87.1157,0.781003
87.1445,0.781132
87.1733,0.78128
87.2021,0.781448
87.2309,0.781634
87.2597,0.781839
87.2884,0.782061
87.3172,0.7823
87.346,0.782555
87.3748,0.782827
87.4036,0.783114
87.4324,0.783416
87.4611,0.783733
87.4899,0.784065
87.5187,0.784411
87.5475,0.78477
87.5763,0.785141
87.6051,0.785522
87.6339,0.785913
87.6626,0.786313
87.6914,0.786721
87.7202,0.787137
87.749,0.78756
87.7778,0.78799
87.8066,0.788426
87.8353,0.788867
87.8641,0.789312
87.8929,0.789759
87.9217,0.790207
87.9505,0.790655
87.9793,0.791102
88.0081,0.791548
88.0368,0.791992
88.0656,0.792433
88.0944,0.792871
88.1232,0.793304
88.152,0.793733
88.1808,0.794155
88.2095,0.794569
88.2383,0.794974
88.2671,0.79537
88.2959,0.795755
88.3247,0.796128
88.3535,0.79649
88.3823,0.79684
88.411,0.797178
88.4398,0.797502
88.4686,0.797812
88.4974,0.798107
88.5262,0.798386
88.555,0.798648
88.5838,0.798892
88.6125,0.799119
88.6413,0.799327
88.6701,0.799517
88.6989,0.799688
88.7277,0.799841
88.7565,0.799975
88.7852,0.800089
88.814,0.800184
88.8428,0.800258
88.8716,0.800312
88.9004,0.800344
88.9292,0.800355
88.958,0.800346
88.9867,0.800316
89.0155,0.800266
89.0443,0.800196
89.0731,0.800106
89.1019,0.799997
89.1307,0.799869
89.1594,0.799721
89.1882,0.799553
89.217,0.799365
89.2458,0.799159
89.2746,0.798935
89.3034,0.798693
89.3322,0.798435
89.3609,0.798161
89.3897,0.797872
89.4185,0.797568
89.4473,0.79725
89.4761,0.796917
89.5049,0.796571
89.5336,0.796212
89.5624,0.795841
89.5912,0.795459
89.62,0.795067
89.6488,0.794666
89.6776,0.794258
89.7064,0.793843
89.7351,0.793421
89.7639,0.792994
89.7927,0.792561
89.8215,0.792124
89.8503,0.791684
89.8791,0.791241
89.9078,0.790797
89.9366,0.790353
89.9654,0.789909
89.9942,0.789469
90.023,0.789031
90.0518,0.788597
90.0806,0.788167
90.1093,0.787742
90.1381,0.787322
90.1669,0.786909
90.1957,0.786503
90.2245,0.786105
90.2533,0.785718
90.2821,0.78534
90.3108,0.784975
90.3396,0.784621
90.3684,0.784281
90.3972,0.783953
90.426,0.783638
90.4548,0.783338
90.4835,0.783052
90.5123,0.78278
90.5411,0.782525
90.5699,0.782287
90.5987,0.782066
90.6275,0.781864
90.6563,0.78168
90.685,0.781514
90.7138,0.781367
90.7426,0.781238
90.7714,0.781128
90.8002,0.781036
90.829,0.780964
90.8577,0.780911
90.8865,0.780878
90.9153,0.780866
90.9441,0.780874
90.9729,0.780903
91.0017,0.780951
91.0305,0.781019
91.0592,0.781105
91.088,0.781211
91.1168,0.781335
91.1456,0.781478
91.1744,0.781639
91.2032,0.781819
91.2319,0.782017
91.2607,0.782233
91.2895,0.782467
91.3183,0.782717
91.3471,0.782983
91.3759,0.783264
91.4047,0.78356
91.4334,0.783869
91.4622,0.784192
91.491,0.784528
91.5198,0.784876
91.5486,0.785237
91.5774,0.78561
91.6061,0.785992
91.6349,0.786385
91.6637,0.786785
91.6925,0.787193
91.7213,0.787607
91.7501,0.788027
91.7789,0.788452
91.8076,0.788881
91.8364,0.789314
91.8652,0.78975
91.894,0.790189
91.9228,0.790628
91.9516,0.791068
91.9804,0.791506
92.0091,0.791941
92.0379,0.792373
92.0667,0.792801
92.0955,0.793224
92.1243,0.793641
92.1531,0.794053
92.1818,0.794458
92.2106,0.794855
92.2394,0.795243
92.2682,0.795622
92.297,0.79599
92.3258,0.796346
92.3546,0.796689
92.3833,0.797019
92.4121,0.797335
92.4409,0.797638
92.4697,0.797926
92.4985,0.798199
92.5273,0.798456
92.556,0.798698
92.5848,0.798922
92.6136,0.799128
92.6424,0.799316
92.6712,0.799485
92.7,0.799634
92.7288,0.799765
92.7575,0.799876
92.7863,0.799969
92.8151,0.800042
92.8439,0.800096
92.8727,0.80013
92.9015,0.800144
92.9302,0.800137
92.959,0.80011
92.9878,0.800062
93.0166,0.799994
93.0454,0.799906
93.0742,0.799799
93.103,0.799673
93.1317,0.799529
93.1605,0.799366
93.1893,0.799185
93.2181,0.798986
93.2469,0.798769
93.2757,0.798535
93.3044,0.798283
93.3332,0.798015
93.362,0.797731
93.3908,0.797433
93.4196,0.797121
93.4484,0.796796
93.4772,0.796459
93.5059,0.79611
93.5347,0.795749
93.5635,0.795378
93.5923,0.794995
93.6211,0.794604
93.6499,0.794203
93.6787,0.793796
93.7074,0.793382
93.7362,0.792963
93.765,0.79254
93.7938,0.792114
93.8226,0.791684
93.8514,0.791253
93.8801,0.790819
93.9089,0.790385
93.9377,0.789951
93.9665,0.789518
93.9953,0.789088
94.0241,0.788661
94.0529,0.788239
94.0816,0.787823
94.1104,0.787412
94.1392,0.787009
94.168,0.786613
94.1968,0.786225
94.2256,0.785845
94.2543,0.785475
94.2831,0.785115
94.3119,0.784767
94.3407,0.784431
94.3695,0.784108
94.3983,0.7838
94.4271,0.783506
94.4558,0.783226
94.4846,0.782962
94.5134,0.782712
94.5422,0.782478
94.571,0.782261
94.5998,0.78206
94.6285,0.781877
94.6573,0.781712
94.6861,0.781566
94.7149,0.781439
94.7437,0.781331
94.7725,0.781242
94.8013,0.781172
94.83,0.78112
94.8588,0.781087
94.8876,0.781073
94.9164,0.781079
94.9452,0.781104
94.974,0.781148
95.0027,0.781213
95.0315,0.781297
95.0603,0.7814
95.0891,0.781523
95.1179,0.781663
95.1467,0.781821
95.1755,0.781996
95.2042,0.782188
95.233,0.782397
95.2618,0.782623
95.2906,0.782866
95.3194,0.783125
95.3482,0.7834
95.377,0.78369
95.4057,0.783994
95.4345,0.78431
95.4633,0.78464
95.4921,0.78498
95.5209,0.785332
95.5497,0.785694
95.5784,0.786067
95.6072,0.786449
95.636,0.786841
95.6648,0.78724
95.6936,0.787647
95.7224,0.788059
95.7512,0.788476
95.7799,0.788897
95.8087,0.789321
95.8375,0.789747
95.8663,0.790174
95.8951,0.790603
95.9239,0.791032
95.9526,0.79146
95.9814,0.791887
96.0102,0.792312
96.039,0.792733
96.0678,0.793149
96.0966,0.793558
96.1254,0.793961
96.1541,0.794357
96.1829,0.794745
96.2117,0.795124
96.2405,0.795494
96.2693,0.795855
96.2981,0.796205
96.3268,0.796543
96.3556,0.796869
96.3844,0.79718
96.4132,0.797478
96.442,0.79776
96.4708,0.798027
96.4996,0.798279
96.5283,0.798514
96.5571,0.798734
96.5859,0.798937
96.6147,0.799122
96.6435,0.79929
96.6723,0.79944
96.701,0.79957
96.7298,0.799681
96.7586,0.799772
96.7874,0.799843
96.8162,0.799895
96.845,0.799928
96.8738,0.799942
96.9025,0.799937
96.9313,0.799912
96.9601,0.799868
96.9889,0.799804
97.0177,0.799721
97.0465,0.799617
97.0753,0.799494
97.104,0.799353
97.1328,0.799193
97.1616,0.799015
97.1904,0.798821
97.2192,0.798609
97.248,0.798382
97.2767,0.798138
97.3055,0.797878
97.3343,0.797602
97.3631,0.797311
97.3919,0.797006
97.4207,0.796687
97.4495,0.796356
97.4782,0.796014
97.507,0.79566
97.5358,0.795297
97.5646,0.794924
97.5934,0.794543
97.6222,0.794153
97.6509,0.793755
97.6797,0.79335
97.7085,0.79294
97.7373,0.792524
97.7661,0.792105
97.7949,0.791683
97.8237,0.79126
97.8524,0.790836
97.8812,0.790412
97.91,0.789988
97.9388,0.789566
97.9676,0.789145
97.9964,0.788727
98.0251,0.788312
98.0539,0.787903
98.0827,0.787499
98.1115,0.787102
98.1403,0.786713
98.1691,0.786333
98.1979,0.785961
98.2266,0.7856
98.2554,0.785248
98.2842,0.784907
98.313,0.784577
98.3418,0.78426
98.3706,0.783955
98.3993,0.783664
98.4281,0.783388
98.4569,0.783128
98.4857,0.782883
98.5145,0.782654
98.5433,0.782442
98.5721,0.782246
98.6008,0.782066
98.6296,0.781903
98.6584,0.781758
98.6872,0.781631
98.716,0.781523
98.7448,0.781433
98.7735,0.781363
98.8023,0.781312
98.8311,0.78128
98.8599,0.781267
98.8887,0.781272
98.9175,0.781296
98.9463,0.781339
98.975,0.7814
99.0038,0.78148
99.0326,0.781578
99.0614,0.781696
99.0902,0.781832
99.119,0.781986
99.1478,0.782159
99.1765,0.782348
99.2053,0.782553
99.2341,0.782774
99.2629,0.783011
99.2917,0.783263
99.3205,0.78353
99.3492,0.783811
99.378,0.784107
99.4068,0.784417
99.4356,0.78474
99.4644,0.785074
99.4932,0.78542
99.522,0.785776
99.5507,0.786141
99.5795,0.786514
99.6083,0.786896
99.6371,0.787286
99.6659,0.787682
99.6947,0.788085
99.7234,0.788494
99.7522,0.788907
99.781,0.789323
99.8098,0.789742
99.8386,0.790162
99.8674,0.790582
99.8962,0.791002
99.9249,0.791421
99.9537,0.791838
99.9825,0.792253
100,0.792504
